37 39 3
30 35 6
65 5 61
58 7 52
12 50 39
58 65 8
52 48 7
9 50 44
23 20 23
68 68 7
14 35 35
49 19 66
60 49 15
56 15 68
17 50 40
44 19 37
17 50 43
21 53 40
48 64 21
30 40 66
14 56 58
59 17 52
51 50 20
52 27 38
42 24 50
33 35 35
57 18 58
52 43 24
42 54 26
56 48 24
65 18 68
48 27 64
57 24 50
33 37 52
43 29 57
45 39 32
45 64 31
40 43 34
49 29 47
42 46 33
35 42 43
55 39 35
55 28 53
44 45 36
34 48 70
57 30 52
36 47 60
70 48 39
45 40 62
33 62 57
55 55 39
50 57 46
45 56 53
59 61 40
60 63 41
70 54 46
61 54 64
64 59 59
67 70 68
70 70 66
