60
45 39 32
61 54 64
59 61 40
52 43 24
43 29 57
42 54 26
55 55 39
48 27 64
9 50 44
42 24 50
36 47 60
70 48 39
40 43 34
67 70 68
30 40 66
50 57 46
37 39 3
48 64 21
33 62 57
68 68 7
52 48 7
17 50 40
70 54 46
59 17 52
60 49 15
49 19 66
52 27 38
42 46 33
14 35 35
45 56 53
33 35 35
23 20 23
55 28 53
34 48 70
57 30 52
55 39 35
56 15 68
56 48 24
60 63 41
65 5 61
17 50 43
58 65 8
45 40 62
12 50 39
64 59 59
45 64 31
57 24 50
51 50 20
49 29 47
35 42 43
21 53 40
57 18 58
65 18 68
14 56 58
44 19 37
44 45 36
70 70 66
30 35 6
58 7 52
33 37 52
